    0.0050    0.000000
    0.0150    0.000000
    0.0250    0.000000
    0.0350    0.000000
    0.0450    0.000000
    0.0550    0.000000
    0.0650    0.000000
    0.0750    0.000000
    0.0850    0.000000
    0.0950    0.000000
    0.1050    0.000000
    0.1150    0.000000
    0.1250    0.000000
    0.1350    0.000000
    0.1450    0.000000
    0.1550    0.000000
    0.1650    0.000000
    0.1750    0.000000
    0.1850    0.000000
    0.1950    0.000000
    0.2050    0.000000
    0.2150    0.000000
    0.2250    0.000000
    0.2350    0.000000
    0.2450    0.000000
    0.2550    0.000000
    0.2650    0.000000
    0.2750    0.000000
    0.2850    0.000000
    0.2950    0.000000
    0.3050    0.000000
    0.3150    0.000000
    0.3250    0.000000
    0.3350    0.000000
    0.3450    0.000000
    0.3550    0.000000
    0.3650    0.000000
    0.3750    0.000000
    0.3850    0.000000
    0.3950    0.000000
    0.4050    0.000000
    0.4150    0.000000
    0.4250    0.000000
    0.4350    0.000000
    0.4450    0.000000
    0.4550    0.000000
    0.4650    0.000000
    0.4750    0.000000
    0.4850    0.000000
    0.4950    0.000000
    0.5050    0.000000
    0.5150    0.000000
    0.5250    0.000000
    0.5350    0.000000
    0.5450    0.000000
    0.5550    0.000000
    0.5650    0.000000
    0.5750    0.000000
    0.5850    0.000000
    0.5950    0.000000
    0.6050    0.000000
    0.6150    0.000000
    0.6250    0.000000
    0.6350    0.000000
    0.6450    0.000000
    0.6550    0.000000
    0.6650    0.000000
    0.6750    0.000000
    0.6850    0.000000
    0.6950    0.000000
    0.7050    0.000000
    0.7150    0.000000
    0.7250    0.000000
    0.7350    0.000000
    0.7450    0.000000
    0.7550    0.000000
    0.7650    0.000000
    0.7750    0.000000
    0.7850    0.000000
    0.7950    0.000000
    0.8050    0.000000
    0.8150    0.000000
    0.8250    0.000000
    0.8350    0.000000
    0.8450    0.000000
    0.8550    0.000000
    0.8650    0.000000
    0.8750    0.000000
    0.8850    0.000000
    0.8950    0.000862
    0.9050    0.005338
    0.9150    0.011269
    0.9250    0.031465
    0.9350    0.064224
    0.9450    0.148677
    0.9550    0.239184
    0.9650    0.388692
    0.9750    0.560610
    0.9850    0.782897
    0.9950    1.011520
    1.0050    1.283561
    1.0150    1.448247
    1.0250    1.688427
    1.0350    1.910291
    1.0450    2.051119
    1.0550    2.157552
    1.0650    2.302046
    1.0750    2.306011
    1.0850    2.343841
    1.0950    2.369356
    1.1050    2.318186
    1.1150    2.293079
    1.1250    2.265039
    1.1350    2.192972
    1.1450    2.148165
    1.1550    2.069730
    1.1650    2.012310
    1.1750    1.992205
    1.1850    1.858107
    1.1950    1.785727
    1.2050    1.726260
    1.2150    1.659928
    1.2250    1.572368
    1.2350    1.556965
    1.2450    1.470742
    1.2550    1.409996
    1.2650    1.374419
    1.2750    1.349971
    1.2850    1.296711
    1.2950    1.252338
    1.3050    1.195792
    1.3150    1.169557
    1.3250    1.132440
    1.3350    1.094622
    1.3450    1.080187
    1.3550    1.048385
    1.3650    1.020854
    1.3750    0.977214
    1.3850    0.976109
    1.3950    0.942418
    1.4050    0.925553
    1.4150    0.900335
    1.4250    0.873578
    1.4350    0.874632
    1.4450    0.846147
    1.4550    0.860752
    1.4650    0.826848
    1.4750    0.819376
    1.4850    0.811717
    1.4950    0.799865
    1.5050    0.784292
    1.5150    0.779888
    1.5250    0.766626
    1.5350    0.779718
    1.5450    0.768983
    1.5550    0.769592
    1.5650    0.757440
    1.5750    0.745904
    1.5850    0.747788
    1.5950    0.754269
    1.6050    0.740701
    1.6150    0.751760
    1.6250    0.758309
    1.6350    0.747943
    1.6450    0.752738
    1.6550    0.747113
    1.6650    0.763067
    1.6750    0.759150
    1.6850    0.762972
    1.6950    0.770255
    1.7050    0.776523
    1.7150    0.799414
    1.7250    0.786770
    1.7350    0.806851
    1.7450    0.797555
    1.7550    0.821812
    1.7650    0.821538
    1.7750    0.832538
    1.7850    0.836164
    1.7950    0.837014
    1.8050    0.860325
    1.8150    0.867985
    1.8250    0.883095
    1.8350    0.886275
    1.8450    0.891160
    1.8550    0.920631
    1.8650    0.928714
    1.8750    0.938732
    1.8850    0.953990
    1.8950    0.964453
    1.9050    0.978830
    1.9150    0.993043
    1.9250    0.996538
    1.9350    1.023077
    1.9450    1.031015
    1.9550    1.036389
    1.9650    1.034926
    1.9750    1.065354
    1.9850    1.045887
    1.9950    1.089255
    2.0050    1.074753
    2.0150    1.095283
    2.0250    1.102169
    2.0350    1.115923
    2.0450    1.111749
    2.0550    1.134902
    2.0650    1.128308
    2.0750    1.139264
    2.0850    1.148900
    2.0950    1.141785
    2.1050    1.156357
    2.1150    1.142979
    2.1250    1.163739
    2.1350    1.164222
    2.1450    1.157893
    2.1550    1.144496
    2.1650    1.146319
    2.1750    1.137019
    2.1850    1.132756
    2.1950    1.129909
    2.2050    1.130806
    2.2150    1.106736
    2.2250    1.117587
    2.2350    1.115255
    2.2450    1.104018
    2.2550    1.087687
    2.2650    1.088240
    2.2750    1.091410
    2.2850    1.080909
    2.2950    1.065917
    2.3050    1.070245
    2.3150    1.046463
    2.3250    1.036842
    2.3350    1.036337
    2.3450    1.023542
    2.3550    1.017191
    2.3650    1.016054
    2.3750    1.011880
    2.3850    0.992854
    2.3950    1.003516
    2.4050    0.993040
    2.4150    0.981440
    2.4250    0.973127
    2.4350    0.983081
    2.4450    0.970321
    2.4550    0.985149
    2.4650    0.955965
    2.4750    0.965160
    2.4850    0.952675
    2.4950    0.947641
    2.5050    0.951055
    2.5150    0.941215
    2.5250    0.933017
    2.5350    0.947334
    2.5450    0.940330
    2.5550    0.928824
    2.5650    0.933173
    2.5750    0.947942
    2.5850    0.948163
    2.5950    0.934480
    2.6050    0.932303
    2.6150    0.938714
    2.6250    0.941594
    2.6350    0.933467
    2.6450    0.942769
    2.6550    0.934374
    2.6650    0.950217
    2.6750    0.949011
    2.6850    0.947317
    2.6950    0.947777
    2.7050    0.941852
    2.7150    0.948787
    2.7250    0.945989
    2.7350    0.961725
    2.7450    0.958426
    2.7550    0.953694
    2.7650    0.955898
    2.7750    0.963274
    2.7850    0.961176
    2.7950    0.966829
    2.8050    0.975243
    2.8150    0.963709
    2.8250    0.982128
    2.8350    0.982341
    2.8450    0.993756
    2.8550    0.991380
    2.8650    0.991480
    2.8750    1.000964
    2.8850    0.995724
    2.8950    1.002145
    2.9050    0.999893
    2.9150    1.010782
    2.9250    1.005120
    2.9350    1.010410
    2.9450    1.016905
    2.9550    1.017782
    2.9650    1.023257
    2.9750    1.017403
    2.9850    1.017803
    2.9950    1.014660
    3.0050    1.025247
    3.0150    1.022204
    3.0250    1.032330
    3.0350    1.031534
    3.0450    1.025341
    3.0550    1.025690
    3.0650    1.024691
    3.0750    1.039964
    3.0850    1.027720
    3.0950    1.030242
    3.1050    1.026075
    3.1150    1.030478
    3.1250    1.029808
    3.1350    1.036453
    3.1450    1.031106
    3.1550    1.028787
    3.1650    1.031347
    3.1750    1.028719
    3.1850    1.030707
    3.1950    1.024153
    3.2050    1.027964
    3.2150    1.022537
    3.2250    1.018993
    3.2350    1.028688
    3.2450    1.021768
    3.2550    1.021928
    3.2650    1.020750
    3.2750    1.017144
    3.2850    1.005438
    3.2950    1.013820
    3.3050    1.011929
    3.3150    1.005937
    3.3250    1.006702
    3.3350    1.013398
    3.3450    1.006052
    3.3550    1.004152
    3.3650    1.008272
    3.3750    0.994569
    3.3850    0.996132
    3.3950    1.002630
    3.4050    1.002605
    3.4150    1.002247
    3.4250    0.994539
    3.4350    0.988893
    3.4450    0.987155
    3.4550    0.988620
    3.4650    0.986084
    3.4750    0.997434
    3.4850    0.985541
    3.4950    0.986936
    3.5050    0.988430
    3.5150    0.986800
    3.5250    0.989543
    3.5350    0.988224
    3.5450    0.990256
    3.5550    0.976572
    3.5650    0.989369
    3.5750    0.981682
    3.5850    0.983410
    3.5950    0.983164
    3.6050    0.986835
    3.6150    0.983813
    3.6250    0.981667
    3.6350    0.981585
    3.6450    0.987049
    3.6550    0.988373
    3.6650    0.984546
    3.6750    0.985448
    3.6850    0.981683
    3.6950    0.983758
    3.7050    0.988630
    3.7150    0.986800
    3.7250    0.990746
    3.7350    0.993778
    3.7450    0.991890
    3.7550    0.991266
    3.7650    0.983832
    3.7750    0.991156
    3.7850    0.988143
    3.7950    0.992672
    3.8050    0.996839
    3.8150    0.991873
    3.8250    0.998977
    3.8350    0.993852
    3.8450    0.998915
    3.8550    0.993894
    3.8650    1.001143
    3.8750    0.996672
    3.8850    1.005376
    3.8950    0.999841
    3.9050    0.996975
    3.9150    1.000251
    3.9250    0.998058
    3.9350    1.003543
    3.9450    1.004036
    3.9550    1.011925
    3.9650    1.005261
    3.9750    1.001258
    3.9850    1.005209
    3.9950    1.003240
