    0.0050    0.000000
    0.0150    0.000000
    0.0250    0.000000
    0.0350    0.000000
    0.0450    0.000000
    0.0550    0.000000
    0.0650    0.000000
    0.0750    0.000000
    0.0850    0.000000
    0.0950    0.000000
    0.1050    0.000000
    0.1150    0.000000
    0.1250    0.000000
    0.1350    0.000000
    0.1450    0.000000
    0.1550    0.000000
    0.1650    0.000000
    0.1750    0.000000
    0.1850    0.000000
    0.1950    0.000000
    0.2050    0.000000
    0.2150    0.000000
    0.2250    0.000000
    0.2350    0.000000
    0.2450    0.000000
    0.2550    0.000000
    0.2650    0.000000
    0.2750    0.000000
    0.2850    0.000000
    0.2950    0.000000
    0.3050    0.000000
    0.3150    0.000000
    0.3250    0.000000
    0.3350    0.000000
    0.3450    0.000000
    0.3550    0.000000
    0.3650    0.000000
    0.3750    0.000000
    0.3850    0.000000
    0.3950    0.000000
    0.4050    0.000000
    0.4150    0.000000
    0.4250    0.000000
    0.4350    0.000000
    0.4450    0.000000
    0.4550    0.000000
    0.4650    0.000000
    0.4750    0.000000
    0.4850    0.000000
    0.4950    0.000000
    0.5050    0.000000
    0.5150    0.000000
    0.5250    0.000000
    0.5350    0.000000
    0.5450    0.000000
    0.5550    0.000000
    0.5650    0.000000
    0.5750    0.000000
    0.5850    0.000000
    0.5950    0.000000
    0.6050    0.000000
    0.6150    0.000000
    0.6250    0.000000
    0.6350    0.000000
    0.6450    0.000000
    0.6550    0.000000
    0.6650    0.000000
    0.6750    0.000000
    0.6850    0.000000
    0.6950    0.000000
    0.7050    0.000000
    0.7150    0.000000
    0.7250    0.000000
    0.7350    0.000000
    0.7450    0.000000
    0.7550    0.000000
    0.7650    0.000000
    0.7750    0.000000
    0.7850    0.000000
    0.7950    0.000000
    0.8050    0.000000
    0.8150    0.000000
    0.8250    0.000000
    0.8350    0.000000
    0.8450    0.000000
    0.8550    0.000000
    0.8650    0.000000
    0.8750    0.000000
    0.8850    0.000000
    0.8950    0.000000
    0.9050    0.003764
    0.9150    0.007365
    0.9250    0.025223
    0.9350    0.038793
    0.9450    0.093215
    0.9550    0.216350
    0.9650    0.284726
    0.9750    0.518913
    0.9850    0.676848
    0.9950    1.008981
    1.0050    1.352247
    1.0150    1.657914
    1.0250    1.825270
    1.0350    2.066466
    1.0450    2.563527
    1.0550    2.781080
    1.0650    3.180324
    1.0750    3.057401
    1.0850    3.163678
    1.0950    3.358148
    1.1050    3.416317
    1.1150    3.330514
    1.1250    3.437218
    1.1350    3.463075
    1.1450    3.308783
    1.1550    3.425070
    1.1650    3.216597
    1.1750    3.242472
    1.1850    3.058438
    1.1950    3.080871
    1.2050    3.046935
    1.2150    2.948951
    1.2250    2.703767
    1.2350    2.637923
    1.2450    2.559914
    1.2550    2.440982
    1.2650    2.514289
    1.2750    2.332762
    1.2850    2.335806
    1.2950    2.373408
    1.3050    2.132603
    1.3150    2.219748
    1.3250    2.119636
    1.3350    1.972097
    1.3450    2.092858
    1.3550    1.974762
    1.3650    1.926077
    1.3750    1.898163
    1.3850    1.919070
    1.3950    1.886902
    1.4050    1.703955
    1.4150    1.690735
    1.4250    1.673162
    1.4350    1.741254
    1.4450    1.588776
    1.4550    1.628179
    1.4650    1.639067
    1.4750    1.599912
    1.4850    1.581233
    1.4950    1.551874
    1.5050    1.468706
    1.5150    1.425202
    1.5250    1.452972
    1.5350    1.529622
    1.5450    1.496969
    1.5550    1.473952
    1.5650    1.432518
    1.5750    1.416871
    1.5850    1.477592
    1.5950    1.336721
    1.6050    1.468524
    1.6150    1.351101
    1.6250    1.401074
    1.6350    1.371301
    1.6450    1.282901
    1.6550    1.288831
    1.6650    1.268948
    1.6750    1.273622
    1.6850    1.309586
    1.6950    1.329592
    1.7050    1.291770
    1.7150    1.363753
    1.7250    1.300326
    1.7350    1.302791
    1.7450    1.324353
    1.7550    1.270264
    1.7650    1.289561
    1.7750    1.228100
    1.7850    1.189220
    1.7950    1.271695
    1.8050    1.259536
    1.8150    1.255990
    1.8250    1.309838
    1.8350    1.209532
    1.8450    1.282500
    1.8550    1.181800
    1.8650    1.229435
    1.8750    1.240911
    1.8850    1.238192
    1.8950    1.273238
    1.9050    1.233569
    1.9150    1.191295
    1.9250    1.240518
    1.9350    1.296074
    1.9450    1.268111
    1.9550    1.249525
    1.9650    1.248816
    1.9750    1.209328
    1.9850    1.242557
    1.9950    1.247949
    2.0050    1.244735
    2.0150    1.211908
    2.0250    1.292447
    2.0350    1.240318
    2.0450    1.168503
    2.0550    1.248417
    2.0650    1.260937
    2.0750    1.221602
    2.0850    1.217714
    2.0950    1.268635
    2.1050    1.241999
    2.1150    1.221322
    2.1250    1.187323
    2.1350    1.240483
    2.1450    1.261778
    2.1550    1.224867
    2.1650    1.268173
    2.1750    1.212872
    2.1850    1.285101
    2.1950    1.267020
    2.2050    1.147119
    2.2150    1.228532
    2.2250    1.225610
    2.2350    1.196768
    2.2450    1.221610
    2.2550    1.186547
    2.2650    1.210348
    2.2750    1.237856
    2.2850    1.226454
    2.2950    1.202326
    2.3050    1.236019
    2.3150    1.192572
    2.3250    1.155529
    2.3350    1.216337
    2.3450    1.209910
    2.3550    1.166858
    2.3650    1.176304
    2.3750    1.178444
    2.3850    1.198393
    2.3950    1.177656
    2.4050    1.172681
    2.4150    1.176734
    2.4250    1.182253
    2.4350    1.148123
    2.4450    1.163506
    2.4550    1.114146
    2.4650    1.154343
    2.4750    1.175233
    2.4850    1.120859
    2.4950    1.179249
    2.5050    1.126616
    2.5150    1.164468
    2.5250    1.119962
    2.5350    1.164397
    2.5450    1.160501
    2.5550    1.145295
    2.5650    1.164030
    2.5750    1.101069
    2.5850    1.128094
    2.5950    1.168405
    2.6050    1.134009
    2.6150    1.134370
    2.6250    1.144536
    2.6350    1.147410
    2.6450    1.149327
    2.6550    1.111381
    2.6650    1.105227
    2.6750    1.139634
    2.6850    1.126885
    2.6950    1.149101
    2.7050    1.097220
    2.7150    1.093753
    2.7250    1.103594
    2.7350    1.124803
    2.7450    1.119486
    2.7550    1.114624
    2.7650    1.133595
    2.7750    1.139052
    2.7850    1.160700
    2.7950    1.112154
    2.8050    1.100711
    2.8150    1.084734
    2.8250    1.072433
    2.8350    1.100555
    2.8450    1.114544
    2.8550    1.138145
    2.8650    1.106174
    2.8750    1.095508
    2.8850    1.114227
    2.8950    1.087782
    2.9050    1.068615
    2.9150    1.116084
    2.9250    1.095853
    2.9350    1.091261
    2.9450    1.087773
    2.9550    1.119262
    2.9650    1.115583
    2.9750    1.128648
    2.9850    1.131133
    2.9950    1.122561
    3.0050    1.102128
    3.0150    1.075497
    3.0250    1.077158
    3.0350    1.098522
    3.0450    1.098966
    3.0550    1.104667
    3.0650    1.089594
    3.0750    1.092626
    3.0850    1.079723
    3.0950    1.103012
    3.1050    1.071615
    3.1150    1.093978
    3.1250    1.110666
    3.1350    1.094180
    3.1450    1.081311
    3.1550    1.099865
    3.1650    1.105237
    3.1750    1.075654
    3.1850    1.094440
    3.1950    1.106929
    3.2050    1.043305
    3.2150    1.085445
    3.2250    1.117556
    3.2350    1.075895
    3.2450    1.090648
    3.2550    1.077555
    3.2650    1.095258
    3.2750    1.071620
    3.2850    1.071391
    3.2950    1.091307
    3.3050    1.083584
    3.3150    1.100624
    3.3250    1.068636
    3.3350    1.074711
    3.3450    1.072704
    3.3550    1.086862
    3.3650    1.057540
    3.3750    1.098649
    3.3850    1.090284
    3.3950    1.047760
    3.4050    1.102510
    3.4150    1.073856
    3.4250    1.077845
    3.4350    1.073146
    3.4450    1.074978
    3.4550    1.061791
    3.4650    1.049251
    3.4750    1.078710
    3.4850    1.051205
    3.4950    1.079020
    3.5050    1.085922
    3.5150    1.079502
    3.5250    1.077604
    3.5350    1.043636
    3.5450    1.079463
    3.5550    1.040221
    3.5650    1.071267
    3.5750    1.061422
    3.5850    1.044954
    3.5950    1.084236
    3.6050    1.076568
    3.6150    1.062127
    3.6250    1.063783
    3.6350    1.095738
    3.6450    1.065601
    3.6550    1.056547
    3.6650    1.049182
    3.6750    1.057862
    3.6850    1.091407
    3.6950    1.070152
    3.7050    1.078757
    3.7150    1.045257
    3.7250    1.055650
    3.7350    1.065697
    3.7450    1.061992
    3.7550    1.061809
    3.7650    1.060091
    3.7750    1.082175
    3.7850    1.058817
    3.7950    1.062022
    3.8050    1.049632
    3.8150    1.044560
    3.8250    1.076826
    3.8350    1.069751
    3.8450    1.034997
    3.8550    1.047684
    3.8650    1.081484
    3.8750    1.059072
    3.8850    1.082838
    3.8950    1.044363
    3.9050    1.056206
    3.9150    1.074956
    3.9250    1.057678
    3.9350    1.043946
    3.9450    1.062829
    3.9550    1.057855
    3.9650    1.063116
    3.9750    1.078457
    3.9850    1.065480
    3.9950    1.054357
    4.0050    1.048522
    4.0150    1.047513
    4.0250    1.059442
    4.0350    1.072187
    4.0450    1.068588
    4.0550    1.071387
    4.0650    1.086832
    4.0750    1.045671
    4.0850    1.063283
    4.0950    1.032356
    4.1050    1.046910
    4.1150    1.064951
    4.1250    1.061606
    4.1350    1.056297
    4.1450    1.056590
    4.1550    1.034723
    4.1650    1.056775
    4.1750    1.051188
    4.1850    1.064830
    4.1950    1.046270
    4.2050    1.049494
    4.2150    1.045909
    4.2250    1.069462
    4.2350    1.056166
    4.2450    1.053762
    4.2550    1.031275
    4.2650    1.052546
    4.2750    1.053195
    4.2850    1.050468
    4.2950    1.022016
    4.3050    1.032745
    4.3150    1.029454
    4.3250    1.032116
    4.3350    1.049344
    4.3450    1.059871
    4.3550    1.042167
    4.3650    1.035455
    4.3750    1.061171
    4.3850    1.030842
    4.3950    1.044990
    4.4050    1.038186
    4.4150    1.051994
    4.4250    1.036852
    4.4350    1.055224
    4.4450    1.055319
    4.4550    1.051518
    4.4650    1.048669
    4.4750    1.037983
    4.4850    1.049453
    4.4950    1.041585
    4.5050    1.045473
    4.5150    1.036612
    4.5250    1.038059
    4.5350    1.020893
    4.5450    1.024018
    4.5550    1.048800
    4.5650    1.043470
    4.5750    1.039945
    4.5850    1.036440
    4.5950    1.035730
    4.6050    1.047230
    4.6150    1.042551
    4.6250    1.039489
    4.6350    1.036731
    4.6450    1.033701
    4.6550    1.024142
    4.6650    1.018198
    4.6750    1.041919
    4.6850    1.026941
    4.6950    1.047467
    4.7050    1.042462
    4.7150    1.025979
    4.7250    1.023298
    4.7350    1.011280
    4.7450    1.023454
    4.7550    1.031426
    4.7650    1.040545
    4.7750    1.023345
    4.7850    1.037655
    4.7950    1.042047
    4.8050    1.037982
    4.8150    1.010137
    4.8250    1.036413
    4.8350    1.042549
    4.8450    1.024591
    4.8550    1.034501
    4.8650    1.028689
    4.8750    1.030571
    4.8850    1.055167
    4.8950    1.029758
    4.9050    1.041710
    4.9150    1.020884
    4.9250    1.035809
    4.9350    1.042376
    4.9450    1.032364
    4.9550    1.022676
    4.9650    1.043950
    4.9750    1.012104
    4.9850    1.031868
    4.9950    1.029471
    5.0050    1.050346
    5.0150    1.016250
    5.0250    1.037728
    5.0350    1.029961
    5.0450    1.038844
    5.0550    1.036306
    5.0650    1.012268
    5.0750    1.010198
    5.0850    1.036873
    5.0950    1.021761
    5.1050    1.010900
    5.1150    1.018853
    5.1250    1.030258
    5.1350    1.035837
    5.1450    1.050450
    5.1550    1.014125
    5.1650    1.042331
    5.1750    1.029557
    5.1850    1.020314
    5.1950    1.014905
    5.2050    1.051749
    5.2150    1.025954
    5.2250    1.016158
    5.2350    1.030054
    5.2450    1.029268
    5.2550    1.027588
    5.2650    1.032808
    5.2750    1.009838
    5.2850    1.011540
    5.2950    1.029386
    5.3050    1.044680
    5.3150    1.014887
    5.3250    1.033694
    5.3350    1.032314
    5.3450    1.032987
    5.3550    1.031821
    5.3650    1.033334
    5.3750    1.019674
    5.3850    1.011744
    5.3950    1.023462
    5.4050    1.007542
    5.4150    1.022961
    5.4250    1.022126
    5.4350    1.019621
    5.4450    1.016919
    5.4550    1.012055
    5.4650    1.032613
    5.4750    1.008891
    5.4850    1.007983
    5.4950    1.008504
    5.5050    1.008811
    5.5150    1.019955
    5.5250    1.014145
    5.5350    1.014812
    5.5450    1.024090
    5.5550    1.013512
    5.5650    1.020625
    5.5750    1.032243
    5.5850    1.019160
    5.5950    1.026058
    5.6050    1.023087
    5.6150    1.011428
    5.6250    1.009101
    5.6350    1.023971
    5.6450    0.995868
    5.6550    1.042965
    5.6650    1.010176
    5.6750    1.007098
    5.6850    1.017295
    5.6950    1.025133
    5.7050    1.007712
    5.7150    0.990879
    5.7250    1.011689
    5.7350    1.016039
    5.7450    1.005872
    5.7550    1.001821
    5.7650    1.023210
    5.7750    1.019115
    5.7850    1.019095
    5.7950    1.012735
    5.8050    1.016568
    5.8150    1.001495
    5.8250    1.012689
    5.8350    1.025430
    5.8450    1.011185
    5.8550    1.030937
    5.8650    1.013622
    5.8750    1.009996
    5.8850    1.017694
    5.8950    1.021253
    5.9050    1.007982
    5.9150    1.013565
    5.9250    1.000925
    5.9350    1.016024
    5.9450    1.027787
    5.9550    1.006254
    5.9650    1.004096
    5.9750    1.004365
    5.9850    0.999807
    5.9950    1.018950
    6.0050    1.006923
    6.0150    1.012696
    6.0250    1.000759
    6.0350    1.002440
    6.0450    1.017097
    6.0550    1.010965
    6.0650    1.001097
    6.0750    1.001730
    6.0850    1.013844
    6.0950    0.989191
    6.1050    1.011018
    6.1150    1.010847
    6.1250    1.015849
    6.1350    1.003366
    6.1450    1.002307
    6.1550    0.995798
    6.1650    1.002061
    6.1750    0.999869
    6.1850    1.005665
    6.1950    0.997762
    6.2050    1.014327
    6.2150    1.008831
    6.2250    0.993499
    6.2350    1.011648
    6.2450    1.009517
    6.2550    0.997703
    6.2650    1.011958
    6.2750    0.987438
    6.2850    1.000533
    6.2950    0.985842
    6.3050    0.997918
    6.3150    1.022438
    6.3250    0.996858
    6.3350    1.004392
    6.3450    1.004981
    6.3550    0.993652
    6.3650    1.002023
    6.3750    0.999793
    6.3850    0.999764
    6.3950    1.003500
    6.4050    1.000895
    6.4150    0.995829
    6.4250    0.996690
    6.4350    0.996647
    6.4450    0.987025
    6.4550    0.994033
    6.4650    0.995681
    6.4750    1.001726
    6.4850    0.987936
    6.4950    1.006164
    6.5050    0.996734
    6.5150    1.008059
    6.5250    0.999395
    6.5350    0.988470
    6.5450    0.981997
    6.5550    0.992278
    6.5650    1.003779
    6.5750    1.018414
    6.5850    1.005441
    6.5950    0.996085
    6.6050    0.992788
    6.6150    0.996623
    6.6250    1.001765
    6.6350    1.009533
    6.6450    0.995116
    6.6550    1.005006
    6.6650    0.999702
    6.6750    1.000930
    6.6850    0.990004
    6.6950    0.993102
    6.7050    1.003240
    6.7150    0.993485
    6.7250    1.001781
    6.7350    1.007305
    6.7450    0.973147
    6.7550    0.998443
    6.7650    0.986466
    6.7750    0.996117
    6.7850    1.009122
    6.7950    1.011429
    6.8050    0.995543
    6.8150    0.997270
    6.8250    1.017714
    6.8350    0.999824
    6.8450    0.990982
    6.8550    0.990980
    6.8650    0.997777
    6.8750    0.977330
    6.8850    1.001029
    6.8950    1.003575
    6.9050    0.996467
    6.9150    0.994426
    6.9250    1.000171
    6.9350    1.000750
    6.9450    0.991286
    6.9550    0.998190
    6.9650    0.979183
    6.9750    0.998937
    6.9850    0.996079
    6.9950    0.980442
    7.0050    0.991719
    7.0150    0.992903
    7.0250    0.986705
    7.0350    1.003400
    7.0450    0.999312
    7.0550    0.998339
    7.0650    0.998233
    7.0750    0.991471
    7.0850    0.995860
    7.0950    1.014307
    7.1050    0.982994
    7.1150    0.985105
    7.1250    0.997099
    7.1350    0.992853
    7.1450    0.988747
    7.1550    0.982914
    7.1650    0.990201
    7.1750    0.989958
    7.1850    0.989355
    7.1950    0.992026
    7.2050    1.010714
    7.2150    0.994529
    7.2250    0.979434
    7.2350    0.994045
    7.2450    0.996648
    7.2550    0.969886
    7.2650    0.984275
    7.2750    0.995727
    7.2850    1.002406
    7.2950    0.993519
    7.3050    0.995827
    7.3150    0.996794
    7.3250    0.988845
    7.3350    1.009473
    7.3450    0.992954
    7.3550    0.991509
    7.3650    0.994162
    7.3750    0.990390
    7.3850    1.002634
    7.3950    0.985886
    7.4050    0.984012
    7.4150    0.980070
    7.4250    0.998851
    7.4350    0.994270
    7.4450    0.975970
    7.4550    0.991716
    7.4650    0.997857
    7.4750    0.989782
    7.4850    0.982406
    7.4950    1.003167
    7.5050    1.000386
    7.5150    0.994286
    7.5250    0.993986
    7.5350    0.993088
    7.5450    0.998743
    7.5550    0.986378
    7.5650    0.982156
    7.5750    0.992191
    7.5850    0.984861
    7.5950    0.988255
    7.6050    0.984006
    7.6150    0.985464
    7.6250    0.979646
    7.6350    0.991732
    7.6450    0.977850
    7.6550    0.985241
    7.6650    0.989336
    7.6750    0.985609
    7.6850    0.977407
    7.6950    0.984501
    7.7050    0.977273
    7.7150    0.979870
    7.7250    0.979298
    7.7350    0.987846
    7.7450    0.990128
    7.7550    0.991985
    7.7650    0.994136
    7.7750    0.994029
    7.7850    0.975910
    7.7950    1.000757
    7.8050    0.987363
    7.8150    0.986050
    7.8250    0.984437
    7.8350    0.985241
    7.8450    0.986738
    7.8550    0.986976
    7.8650    0.991146
    7.8750    0.980279
    7.8850    0.973232
    7.8950    0.985013
    7.9050    0.988838
    7.9150    0.983536
    7.9250    0.998237
    7.9350    0.987986
    7.9450    0.983937
    7.9550    0.989358
    7.9650    0.989499
    7.9750    0.992158
    7.9850    0.975458
    7.9950    0.995834
    8.0050    0.979250
    8.0150    0.988470
    8.0250    0.993620
    8.0350    0.981407
    8.0450    0.992164
    8.0550    0.987136
    8.0650    0.992510
    8.0750    0.989770
    8.0850    0.989446
    8.0950    0.983803
    8.1050    0.987666
    8.1150    0.994269
    8.1250    0.971181
    8.1350    0.982119
    8.1450    0.983984
    8.1550    0.986533
    8.1650    0.985598
    8.1750    0.976822
    8.1850    0.989577
    8.1950    0.986980
    8.2050    0.986865
    8.2150    0.986383
    8.2250    1.004357
    8.2350    0.983689
    8.2450    0.979671
    8.2550    0.975535
    8.2650    0.986174
    8.2750    0.976183
    8.2850    0.991210
    8.2950    0.983445
    8.3050    0.980229
    8.3150    0.978987
    8.3250    0.990828
    8.3350    0.983215
    8.3450    0.985243
    8.3550    0.987435
    8.3650    0.989173
    8.3750    0.981230
    8.3850    0.984021
    8.3950    0.987103
    8.4050    0.981264
    8.4150    0.977323
    8.4250    0.986818
    8.4350    0.987210
    8.4450    0.981890
    8.4550    0.977068
    8.4650    0.985044
    8.4750    0.975638
    8.4850    0.994323
    8.4950    0.976774
    8.5050    0.993446
    8.5150    0.985416
    8.5250    0.980136
    8.5350    0.980591
    8.5450    1.001394
    8.5550    0.990124
    8.5650    0.983064
    8.5750    0.984379
    8.5850    0.993842
    8.5950    0.985687
    8.6050    0.981482
    8.6150    0.987555
    8.6250    0.983111
    8.6350    0.989974
    8.6450    0.983312
    8.6550    0.992647
    8.6650    0.982720
    8.6750    0.992172
    8.6850    0.979016
    8.6950    0.979090
    8.7050    0.988845
    8.7150    0.981300
    8.7250    0.977755
    8.7350    0.987196
    8.7450    0.984093
    8.7550    0.975008
    8.7650    0.983861
    8.7750    0.986945
    8.7850    0.985378
    8.7950    0.984574
    8.8050    0.976215
    8.8150    0.974794
    8.8250    0.994558
    8.8350    0.991360
    8.8450    0.974301
    8.8550    0.987358
    8.8650    0.988427
    8.8750    0.989176
    8.8850    0.983319
    8.8950    0.985746
    8.9050    0.977313
    8.9150    0.985362
    8.9250    0.998096
    8.9350    0.987830
    8.9450    0.990054
    8.9550    0.980731
    8.9650    0.997226
    8.9750    0.985398
    8.9850    0.989737
    8.9950    0.975725
    9.0050    0.971392
    9.0150    0.979253
    9.0250    0.988326
    9.0350    0.982212
    9.0450    0.991573
    9.0550    0.987165
    9.0650    0.979023
    9.0750    0.977877
    9.0850    0.981329
    9.0950    0.978240
    9.1050    0.983717
    9.1150    0.983823
    9.1250    0.979335
    9.1350    0.992821
    9.1450    0.986263
    9.1550    0.981719
    9.1650    0.991837
    9.1750    0.994914
    9.1850    0.988217
    9.1950    0.979797
    9.2050    0.988840
    9.2150    0.974749
    9.2250    0.977854
    9.2350    0.972195
    9.2450    0.985387
    9.2550    0.982719
    9.2650    0.978911
    9.2750    0.977626
    9.2850    0.977023
    9.2950    0.975814
    9.3050    0.973860
    9.3150    0.987262
    9.3250    0.987628
    9.3350    0.986574
    9.3450    0.983652
    9.3550    0.987997
    9.3650    0.979561
    9.3750    0.985260
    9.3850    0.995693
    9.3950    0.981314
    9.4050    0.985188
    9.4150    0.978436
    9.4250    0.982226
    9.4350    0.981773
    9.4450    0.979764
    9.4550    0.968830
    9.4650    0.988740
    9.4750    0.981984
    9.4850    0.981902
    9.4950    0.983015
